MPAP2

%===================================================================================================

BEGIN HBSPLINEFEM 1


dimensions
! ndf ndm
   3   2


origin
!  X0   Y0   Z0
  0.0  0.0  0.0


grid dimensions
! lx     ly    lz
  20.0   12.0    1.0


polynomial degrees
!  p   q   r
   2   2   0

number of elements
!  nx   ny   nz
  52   33   0


fluid properties
  3  3  0  0.00118  0.000182  0.0  0.0  0.0  0.0  0.0  0.0  0.0  0.0  0.0



staggered or monolithic
1  2  0.4  0.0


refinement type
! type nref
   5    2    1


mesh refinement limits
 1  3.0    11.3    3.1    8.5
 2  3.4    11.0    3.8    8.0
 3  4.15   10.55   3.35   8.55

! 1  3.0    12.0    1.9    9.7
! 2  3.4    11.8    2.2    9.6
! 3  4.15   10.55   3.35   8.55


dirichlet boundary conditions
! side  dir  PEN   Flag Factor  proftype  val   ll   ul
   1    1   1.0e6   0   -1.0       1     51.3  0.0  0.0
   1    2   1.0e6   0   -1.0       1      0.0  0.0  0.0
   3    2   1.0e6   0   -1.0       1      0.0  0.0  0.0
   4    2   1.0e6   0   -1.0       1      0.0  0.0  0.0



immersed body data
! R/F  P/L  penalty  Nitsche  NitscheFact
   1    1    1.0e6      0        1.0



immersed points
1	4.5	5.5
2	4.6	5.5
3	4.7	5.5
4	4.8	5.5
5	4.9	5.5
6	5	5.5
7	5.1	5.5
8	5.2	5.5
9	5.3	5.5
10	5.4	5.5
11	5.5	5.5
12	5.5	5.6
13	5.5	5.7
14	5.5	5.8
15	5.5	5.9
16	5.5	6.0
17	5.5	6.1
18	5.5	6.2
19	5.5	6.3
20	5.5	6.4
21	5.5	6.5
22	5.4	6.5
23	5.3	6.5
24	5.2	6.5
25	5.1	6.5
26	5	6.5
27	4.9	6.5
28	4.8	6.5
29	4.7	6.5
30	4.6	6.5
31	4.5	6.5
32	4.5	6.4
33	4.5	6.3
34	4.5	6.2
35	4.5	6.1
36	4.5	6
37	4.5	5.9
38	4.5	5.8
39	4.5	5.7
40	4.5	5.6

41	5.6	6
42	5.7	6
43	5.8	6
44	5.9	6
45	6	6
46	6.1	6
47	6.2	6
48	6.3	6
49	6.4	6
50	6.5	6
51	6.6	6
52	6.7	6
53	6.8	6
54	6.9	6
55	7	6
56	7.1	6
57	7.2	6
58	7.3	6
59	7.4	6
60	7.5	6
61	7.6	6
62	7.7	6
63	7.8	6
64	7.9	6
65	8	6
66	8.1	6
67	8.2	6
68	8.3	6
69	8.4	6
70	8.5	6
71	8.6	6
72	8.7	6
73	8.8	6
74	8.9	6
75	9	6
76	9.1	6
77	9.2	6
78	9.3	6
79	9.4	6
80	9.5	6




immersed integration elements
1	1	1	2
2	1	2	3
3	1	3	4
4	1	4	5
5	1	5	6
6	1	6	7
7	1	7	8
8	1	8	9
9	1	9	10
10	1	10	11
11	1	11	12
12	1	12	13
13	1	13	14
14	1	14	15
15	1	15	16
16	1	16	17
17	1	17	18
18	1	18	19
19	1	19	20
20	1	20	21
21	1	21	22
22	1	22	23
23	1	23	24
24	1	24	25
25	1	25	26
26	1	26	27
27	1	27	28
28	1	28	29
29	1	29	30
30	1	30	31
31	1	31	32
32	1	32	33
33	1	33	34
34	1	34	35
35	1	35	36
36	1	36	37
37	1	37	38
38	1	38	39
39	1	39	40
40	1	16	41
41	1	41	42
42	1	42	43
43	1	43	44
44	1	44	45
45	1	45	46
46	1	46	47
47	1	47	48
48	1	48	49
49	1	49	50
50	1	50	51
51	1	51	52
52	1	52	53
53	1	53	54
54	1	54	55
55	1	55	56
56	1	56	57
57	1	57	58
58	1	58	59
59	1	59	60
60	1	60	61
61	1	61	62
62	1	62	63
63	1	63	64
64	1	64	65
65	1	65	66
66	1	66	67
67	1	67	68
68	1	68	69
69	1	69	70
70	1	70	71
71	1	71	72
72	1	72	73
73	1	73	74
74	1	74	75
75	1	75	76
76	1	76	77
77	1	77	78
78	1	78	79
79	1	79	80



element type
 1  ElementGeomExactBeam2D  0  0  0.1  0.06  1.8e-5  2.5e6  0.35  0.833333  0.0  0.0


material type
 1  smallStrainElasticity  166666.67  76923.1




solid elements
1	1	1	1	16	41
2	1	1	1	41	42
3	1	1	1	42	43
4	1	1	1	43	44
5	1	1	1	44	45
6	1	1	1	45	46
7	1	1	1	46	47
8	1	1	1	47	48
9	1	1	1	48	49
10	1	1	1	49	50
11	1	1	1	50	51
12	1	1	1	51	52
13	1	1	1	52	53
14	1	1	1	53	54
15	1	1	1	54	55
16	1	1	1	55	56
17	1	1	1	56	57
18	1	1	1	57	58
19	1	1	1	58	59
20	1	1	1	59	60
21	1	1	1	60	61
22	1	1	1	61	62
23	1	1	1	62	63
24	1	1	1	63	64
25	1	1	1	64	65
26	1	1	1	65	66
27	1	1	1	66	67
28	1	1	1	67	68
29	1	1	1	68	69
30	1	1	1	69	70
31	1	1	1	70	71
32	1	1	1	71	72
33	1	1	1	72	73
34	1	1	1	73	74
35	1	1	1	74	75
36	1	1	1	75	76
37	1	1	1	76	77
38	1	1	1	77	78
39	1	1	1	78	79
40	1	1	1	79	80



immersed point boundary condition
1	1	0.00
2	1	0.00
3	1	0.00
4	1	0.00
5	1	0.00
6	1	0.00
7	1	0.00
8	1	0.00
9	1	0.00
10	1	0.00
11	1	0.00
12	1	0.00
13	1	0.00
14	1	0.00
15	1	0.00
16	1	0.00
17	1	0.00
18	1	0.00
19	1	0.00
20	1	0.00
21	1	0.00
22	1	0.00
23	1	0.00
24	1	0.00
25	1	0.00
26	1	0.00
27	1	0.00
28	1	0.00
29	1	0.00
30	1	0.00
31	1	0.00
32	1	0.00
33	1	0.00
34	1	0.00
35	1	0.00
36	1	0.00
37	1	0.00
38	1	0.00
39	1	0.00
40	1	0.00


1	2	0.00
2	2	0.00
3	2	0.00
4	2	0.00
5	2	0.00
6	2	0.00
7	2	0.00
8	2	0.00
9	2	0.00
10	2	0.00
11	2	0.00
12	2	0.00
13	2	0.00
14	2	0.00
15	2	0.00
16	2	0.00
17	2	0.00
18	2	0.00
19	2	0.00
20	2	0.00
21	2	0.00
22	2	0.00
23	2	0.00
24	2	0.00
25	2	0.00
26	2	0.00
27	2	0.00
28	2	0.00
29	2	0.00
30	2	0.00
31	2	0.00
32	2	0.00
33	2	0.00
34	2	0.00
35	2	0.00
36	2	0.00
37	2	0.00
38	2	0.00
39	2	0.00
40	2	0.00


1	3	0.00
2	3	0.00
3	3	0.00
4	3	0.00
5	3	0.00
6	3	0.00
7	3	0.00
8	3	0.00
9	3	0.00
10	3	0.00
11	3	0.00
12	3	0.00
13	3	0.00
14	3	0.00
15	3	0.00
16	3	0.00
17	3	0.00
18	3	0.00
19	3	0.00
20	3	0.00
21	3	0.00
22	3	0.00
23	3	0.00
24	3	0.00
25	3	0.00
26	3	0.00
27	3	0.00
28	3	0.00
29	3	0.00
30	3	0.00
31	3	0.00
32	3	0.00
33	3	0.00
34	3	0.00
35	3	0.00
36	3	0.00
37	3	0.00
38	3	0.00
39	3	0.00
40	3	0.00




immersed body output
!  type  nodenum  dof
   1       1      1
   1       1      2
   3      80      1
   3      80      2
   4      80      1
   4      80      2



control parameters
! tol     tis   tis_paramF
 1.0e-5    4       0.0



END HBSPLINEFEM 1



BEGIN TIME_FUNCTIONS
! lam(t) = p1 + p2*t + p3*sin(p4*t+p5) + p6*cos(p7*t+p8)
! id  t0    t1      p1    p2    p3    p4    p5   p6    p7    p8
!  1  0.0     1.0   0.0   1.0   0.0   0.0   0.0   0.0   0.0   0.0
!  1  1.0  1000.0   1.0   0.0   0.0   0.0   0.0   0.0   0.0   0.0

  1  0.0  1000.0   1.0   0.0   0.0   0.0   0.0   0.0   0.0   0.0



END TIME_FUNCTIONS

%===================================================================================================

BEGIN RUN_CONTROL

BATCH
anly,solv,,27,1,6,1,1,1,1
chen,data,,27,2,2,2,1
dt,,0.01
wrnd
chen,fsi,,27,1,1000  ! the last number is the number of time steps
end


END RUN_CONTROL

