MPAP2

%===================================================================================================

BEGIN HBSPLINEFEM 1


dimensions
! ndf ndm
  3   2


origin
!  X0   Y0   Z0
  0.0  0.0  0.0


grid dimensions
! lx     ly    lz
  30.0   30.0    1.0


polynomial degrees
!  p   q   r
   2   2   0


number of elements
!  nx   ny   nz
  80   80   0


fluid properties
! nGP flag  axsy     rho      mu1   mu2   fx   fy   tauSUPG  tauPSPG  tauLSIC     eps     gamm
   3    5    0       1.0     0.01   0.0   0.0  0.0    0.0      0.0       0.0       0.0    0.0


refinement type
! type nref
   5    3    1


mesh refinement limits
! 1  8.6    11.1    11.6    18.0
! 2  8.9    10.9    12.0    17.8
! 3  9.1    10.75   12.1    17.6
! 4  9.3    10.65   12.5    17.4

! 1  8.2    12.2    11.6    18.0
! 2  8.6    11.3    12.0    17.85
! 3  8.8    11.25   12.1    17.85

! 1  8.6    11.1    12.9    16.6
! 2  8.9    10.9    13.5    16.3
! 3  9.1    10.75   13.8    16.2
! 4  9.35   10.65   14.25   15.7

 1  7.5    15.0    10.0    19.0
 2  8.3    13.5    11.5    18.0
 3  8.9    11.5    12.1    17.7
 4  9.3    10.65   12.5    17.4


dirichlet boundary conditions
! side  dir  PEN   Flag Factor  proftype  val   ll   ul
   1    1   1.0e6   0   -1.0       1      2.5  0.0  0.0
   1    2   1.0e6   0   -1.0       1      0.0  0.0  0.0
   3    2   1.0e6   0   -1.0       1      0.0  0.0  0.0
   4    2   1.0e6   0   -1.0       1      0.0  0.0  0.0

staggered or monolithic
0   2  0.5


immersed body data
! R/F  P/L  penalty  Nitsche  NitscheFact
   0    1    0.0     1        -1.0


immersed points
    1 	   9.50000000 	  14.50000000 
    2 	   9.55000000 	  14.50000000 
    3 	   9.60000000 	  14.50000000 
    4 	   9.65000000 	  14.50000000 
    5 	   9.70000000 	  14.50000000 
    6 	   9.75000000 	  14.50000000 
    7 	   9.80000000 	  14.50000000 
    8 	   9.85000000 	  14.50000000 
    9 	   9.90000000 	  14.50000000 
   10 	   9.95000000 	  14.50000000 
   11 	  10.00000000 	  14.50000000 
   12 	  10.05000000 	  14.50000000 
   13 	  10.10000000 	  14.50000000 
   14 	  10.15000000 	  14.50000000 
   15 	  10.20000000 	  14.50000000 
   16 	  10.25000000 	  14.50000000 
   17 	  10.30000000 	  14.50000000 
   18 	  10.35000000 	  14.50000000 
   19 	  10.40000000 	  14.50000000 
   20 	  10.45000000 	  14.50000000 
   21 	  10.50000000 	  14.50000000 
   22 	  10.50000000 	  14.55000000 
   23 	  10.50000000 	  14.60000000 
   24 	  10.50000000 	  14.65000000 
   25 	  10.50000000 	  14.70000000 
   26 	  10.50000000 	  14.75000000 
   27 	  10.50000000 	  14.80000000 
   28 	  10.50000000 	  14.85000000 
   29 	  10.50000000 	  14.90000000 
   30 	  10.50000000 	  14.95000000 
   31 	  10.50000000 	  15.00000000 
   32 	  10.50000000 	  15.05000000 
   33 	  10.50000000 	  15.10000000 
   34 	  10.50000000 	  15.15000000 
   35 	  10.50000000 	  15.20000000 
   36 	  10.50000000 	  15.25000000 
   37 	  10.50000000 	  15.30000000 
   38 	  10.50000000 	  15.35000000 
   39 	  10.50000000 	  15.40000000 
   40 	  10.50000000 	  15.45000000 
   41 	  10.50000000 	  15.50000000 
   42 	  10.45000000 	  15.50000000 
   43 	  10.40000000 	  15.50000000 
   44 	  10.35000000 	  15.50000000 
   45 	  10.30000000 	  15.50000000 
   46 	  10.25000000 	  15.50000000 
   47 	  10.20000000 	  15.50000000 
   48 	  10.15000000 	  15.50000000 
   49 	  10.10000000 	  15.50000000 
   50 	  10.05000000 	  15.50000000 
   51 	  10.00000000 	  15.50000000 
   52 	   9.95000000 	  15.50000000 
   53 	   9.90000000 	  15.50000000 
   54 	   9.85000000 	  15.50000000 
   55 	   9.80000000 	  15.50000000 
   56 	   9.75000000 	  15.50000000 
   57 	   9.70000000 	  15.50000000 
   58 	   9.65000000 	  15.50000000 
   59 	   9.60000000 	  15.50000000 
   60 	   9.55000000 	  15.50000000 
   61 	   9.50000000 	  15.50000000 
   62 	   9.50000000 	  15.45000000 
   63 	   9.50000000 	  15.40000000 
   64 	   9.50000000 	  15.35000000 
   65 	   9.50000000 	  15.30000000 
   66 	   9.50000000 	  15.25000000 
   67 	   9.50000000 	  15.20000000 
   68 	   9.50000000 	  15.15000000 
   69 	   9.50000000 	  15.10000000 
   70 	   9.50000000 	  15.05000000 
   71 	   9.50000000 	  15.00000000 
   72 	   9.50000000 	  14.95000000 
   73 	   9.50000000 	  14.90000000 
   74 	   9.50000000 	  14.85000000 
   75 	   9.50000000 	  14.80000000 
   76 	   9.50000000 	  14.75000000 
   77 	   9.50000000 	  14.70000000 
   78 	   9.50000000 	  14.65000000 
   79 	   9.50000000 	  14.60000000 
   80 	   9.50000000 	  14.55000000 



immersed integration elements
1	1	1
2	1	2
3	1	3
4	1	4
5	1	5
6	1	6
7	1	7
8	1	8
9	1	9
10	1	10
11	1	11
12	1	12
13	1	13
14	1	14
15	1	15
16	1	16
17	1	17
18	1	18
19	1	19
20	1	20
21	1	21
22	1	22
23	1	23
24	1	24
25	1	25
26	1	26
27	1	27
28	1	28
29	1	29
30	1	30
31	1	31
32	1	32
33	1	33
34	1	34
35	1	35
36	1	36
37	1	37
38	1	38
39	1	39
40	1	40
41	1	41
42	1	42
43	1	43
44	1	44
45	1	45
46	1	46
47	1	47
48	1	48
49	1	49
50	1	50
51	1	51
52	1	52
53	1	53
54	1	54
55	1	55
56	1	56
57	1	57
58	1	58
59	1	59
60	1	60
61	1	61
62	1	62
63	1	63
64	1	64
65	1	65
66	1	66
67	1	67
68	1	68
69	1	69
70	1	70
71	1	71
72	1	72
73	1	73
74	1	74
75	1	75
76	1	76
77	1	77
78	1	78
79	1	79
80	1	80



rigid body mass
! Mxx  Mxy  Mxt  Myx  Myy  Myt  Mtx  Mty  Mtt
  0.0  0.0  0.0  0.0  20.0  0.0  0.0  0.0  0.0


rigid body damping
! Cxx  Cxy  Cxt  Cyx  Cyy  Cyt  Ctx  Cty  Ctt
  0.0  0.0  0.0  0.0  0.0581195  0.0  0.0  0.0  0.0


rigid body stiffness
! Kxx  Kxy  Kxt  Kyx  Kyy  Kyt  Ktx  Kty  Ktt
  0.0  0.0  0.0  0.0  3.08425  0.0  0.0  0.0  0.0


rigid body degree of freedom
! d1   d2   d3
  -1   1   -1



immersed body output
! type  nodenum  dof
   1       1      1
   1       1      2
   1       1      3
   3       1      1
   3       1      2
   3       1      3
   4       1      1
   4       1      2
   4       1      3
   5       1      1
   5       1      2
   5       1      3


control parameters
!  tol     tis   tis_param
  1.0e-6    4       0.5


END HBSPLINEFEM 1



BEGIN TIME_FUNCTIONS
!
! lam(t) = p1 + p2*t + p3*sin(p4*t+p5) + p6*cos(p7*t+p8)
!
! id  t0    t1      p1    p2    p3    p4    p5   p6    p7    p8
  1  0.0  1000.0   1.0   0.0   0.0   0.0   0.0   0.0   0.0   0.0


END TIME_FUNCTIONS

%===================================================================================================



BEGIN RUN_CONTROL




BATCH
anly,solv,,27,1,6,1,1,1,1
chen,data,,27,2,2,2,1
dt,,0.1
wrnd
chen,fsi,,27,1,1000  ! the last number is the number of time steps
end


END RUN_CONTROL




