MPAP2

%===================================================================================================

BEGIN HBSPLINEFEM 1


dimensions
! ndf ndm
   3   2


origin
!  X0   Y0   Z0
  0.0  0.0  0.0


grid dimensions
! lx     ly    lz
  8.0   1.0    1.0


polynomial degrees
!  p   q   r
   2   2   0


number of elements
!  nx   ny   nz
  82   13   0


fluid properties
! nGP flag  axsy   rho    mu     fx    fy  fz   tauSUPG  tauPSPG  tauLSIC
   3    0    0    1.0    0.01    0.0  0.0  0.0    0.0       0.0      0.0

staggered or monolithic
0  2  0.01



refinement type
! type nref
   5   3    1


mesh refinement limits
 1  2.5    5.5    -1.0    2.0
 2  2.65   5.4    -1.0    2.0
 3  2.7    5.38   -1.0    2.0



dirichlet boundary conditions
   1    1   1.0e6   0   -1.0       2      1.0  0.0  2.0
   1    2   1.0e6   0   -1.0       1      0.0  0.0  0.0
   3    1   1.0e6   0   -1.0       1      0.0  0.0  0.0
   3    2   1.0e6   0   -1.0       1      0.0  0.0  0.0
   4    2   1.0e6   0   -1.0       1      0.0  0.0  0.0


immersed body data
! R/F  P/L  penalty  Nitsche  NitscheFact
   1    1    1.0e6      0        1.0



immersed points
1	4.00	0.00
2	4.00	0.01
3	4.00	0.02
4	4.00	0.03
5	4.00	0.04
6	4.00	0.05
7	4.00	0.06
8	4.00	0.07
9	4.00	0.08
10	4.00	0.09
11	4.00	0.10
12	4.00	0.11
13	4.00	0.12
14	4.00	0.13
15	4.00	0.14
16	4.00	0.15
17	4.00	0.16
18	4.00	0.17
19	4.00	0.18
20	4.00	0.19
21	4.00	0.20
22	4.00	0.21
23	4.00	0.22
24	4.00	0.23
25	4.00	0.24
26	4.00	0.25
27	4.00	0.26
28	4.00	0.27
29	4.00	0.28
30	4.00	0.29
31	4.00	0.30
32	4.00	0.31
33	4.00	0.32
34	4.00	0.33
35	4.00	0.34
36	4.00	0.35
37	4.00	0.36
38	4.00	0.37
39	4.00	0.38
40	4.00	0.39
41	4.00	0.40
42	4.00	0.41
43	4.00	0.42
44	4.00	0.43
45	4.00	0.44
46	4.00	0.45
47	4.00	0.46
48	4.00	0.47
49	4.00	0.48
50	4.00	0.49
51	4.00	0.50
52	4.00	0.51
53	4.00	0.52
54	4.00	0.53
55	4.00	0.54
56	4.00	0.55
57	4.00	0.56
58	4.00	0.57
59	4.00	0.58
60	4.00	0.59
61	4.00	0.60
62	4.00	0.61
63	4.00	0.62
64	4.00	0.63
65	4.00	0.64
66	4.00	0.65
67	4.00	0.66
68	4.00	0.67
69	4.00	0.68
70	4.00	0.69
71	4.00	0.70
72	4.00	0.71
73	4.00	0.72
74	4.00	0.73
75	4.00	0.74
76	4.00	0.75
77	4.00	0.76
78	4.00	0.77
79	4.00	0.78
80	4.00	0.79
81	4.00	0.80




immersed integration elements
1	1	1	2
2	1	2	3
3	1	3	4
4	1	4	5
5	1	5	6
6	1	6	7
7	1	7	8
8	1	8	9
9	1	9	10
10	1	10	11
11	1	11	12
12	1	12	13
13	1	13	14
14	1	14	15
15	1	15	16
16	1	16	17
17	1	17	18
18	1	18	19
19	1	19	20
20	1	20	21
21	1	21	22
22	1	22	23
23	1	23	24
24	1	24	25
25	1	25	26
26	1	26	27
27	1	27	28
28	1	28	29
29	1	29	30
30	1	30	31
31	1	31	32
32	1	32	33
33	1	33	34
34	1	34	35
35	1	35	36
36	1	36	37
37	1	37	38
38	1	38	39
39	1	39	40
40	1	40	41
41	1	41	42
42	1	42	43
43	1	43	44
44	1	44	45
45	1	45	46
46	1	46	47
47	1	47	48
48	1	48	49
49	1	49	50
50	1	50	51
51	1	51	52
52	1	52	53
53	1	53	54
54	1	54	55
55	1	55	56
56	1	56	57
57	1	57	58
58	1	58	59
59	1	59	60
60	1	60	61
61	1	61	62
62	1	62	63
63	1	63	64
64	1	64	65
65	1	65	66
66	1	66	67
67	1	67	68
68	1	68	69
69	1	69	70
70	1	70	71
71	1	71	72
72	1	72	73
73	1	73	74
74	1	74	75
75	1	75	76
76	1	76	77
77	1	77	78
78	1	78	79
79	1	79	80
80	1	80	81


element type
 1  ElementGeomExactBeam2D  0  0  1.0  0.0212 7.94e-7  3.0e3  0.5  0.83333  0.0  0.0


material type
 1  smallStrainElasticity  166666.67  76923.1



solid elements
1	1	1	1	1	2
2	1	1	1	2	3
3	1	1	1	3	4
4	1	1	1	4	5
5	1	1	1	5	6
6	1	1	1	6	7
7	1	1	1	7	8
8	1	1	1	8	9
9	1	1	1	9	10
10	1	1	1	10	11
11	1	1	1	11	12
12	1	1	1	12	13
13	1	1	1	13	14
14	1	1	1	14	15
15	1	1	1	15	16
16	1	1	1	16	17
17	1	1	1	17	18
18	1	1	1	18	19
19	1	1	1	19	20
20	1	1	1	20	21
21	1	1	1	21	22
22	1	1	1	22	23
23	1	1	1	23	24
24	1	1	1	24	25
25	1	1	1	25	26
26	1	1	1	26	27
27	1	1	1	27	28
28	1	1	1	28	29
29	1	1	1	29	30
30	1	1	1	30	31
31	1	1	1	31	32
32	1	1	1	32	33
33	1	1	1	33	34
34	1	1	1	34	35
35	1	1	1	35	36
36	1	1	1	36	37
37	1	1	1	37	38
38	1	1	1	38	39
39	1	1	1	39	40
40	1	1	1	40	41
41	1	1	1	41	42
42	1	1	1	42	43
43	1	1	1	43	44
44	1	1	1	44	45
45	1	1	1	45	46
46	1	1	1	46	47
47	1	1	1	47	48
48	1	1	1	48	49
49	1	1	1	49	50
50	1	1	1	50	51
51	1	1	1	51	52
52	1	1	1	52	53
53	1	1	1	53	54
54	1	1	1	54	55
55	1	1	1	55	56
56	1	1	1	56	57
57	1	1	1	57	58
58	1	1	1	58	59
59	1	1	1	59	60
60	1	1	1	60	61
61	1	1	1	61	62
62	1	1	1	62	63
63	1	1	1	63	64
64	1	1	1	64	65
65	1	1	1	65	66
66	1	1	1	66	67
67	1	1	1	67	68
68	1	1	1	68	69
69	1	1	1	69	70
70	1	1	1	70	71
71	1	1	1	71	72
72	1	1	1	72	73
73	1	1	1	73	74
74	1	1	1	74	75
75	1	1	1	75	76
76	1	1	1	76	77
77	1	1	1	77	78
78	1	1	1	78	79
79	1	1	1	79	80
80	1	1	1	80	81


immersed point boundary condition
  1	1	0.0
  1	2	0.0
  1	3	0.0


immersed body output
!  type  nodenum  dof
   1       1      1
   1       1      2
   3      81      1
   3      81      2
   4      81      1
   4      81      2


control parameters
! tol      tis   tis_param
 1.0e-5     4      0.0



END HBSPLINEFEM 1



BEGIN TIME_FUNCTIONS
!
! lam(t) = p1 + p2*t + p3*sin(p4*t+p5) + p6*cos(p7*t+p8)
!
! id  t0     t1     p1    p2    p3      p4       p5   p6    p7    p8
  1  0.0   100.0    0.0   0.0   1.0   0.62832   0.0   0.0   0.0   0.0
!  1  0.0  100.0    1.0   0.0   0.0     0.0     0.0   0.0   0.0   0.0


END TIME_FUNCTIONS

%===================================================================================================



BEGIN RUN_CONTROL



BATCH
anly,solv,,27,1,6,1,1,1,1
chen,data,,27,2,2,2,1
dt,,0.02
wrnd
chen,fsi,,27,1,100  ! the last number is the number of time steps
end


END RUN_CONTROL


